kinematics:
  shoulder:
    x: 0
    y: 0
    z: 0.1621181760768461
    roll: -0
    pitch: 0
    yaw: 3.560410142405823e-08
  upper_arm:
    x: 9.030078920501975e-05
    y: 0
    z: 0
    roll: 1.570557929324754
    pitch: 0
    yaw: 6.163370781021651e-08
  forearm:
    x: -0.4251789980599686
    y: 0
    z: 0
    roll: 3.139663993162618
    pitch: 3.140629101732917
    yaw: 3.141589448123058
  wrist_1:
    x: -0.3925472880570691
    y: 0.0004843691068975714
    z: 0.1334021352592104
    roll: 3.137961774837891
    pitch: -3.139674250721132
    yaw: 3.141590499937424
  wrist_2:
    x: 3.19517902984658e-05
    y: -0.099622439873239
    z: 6.507384689664391e-05
    roll: 1.570143122178303
    pitch: 0
    yaw: -1.373136458933388e-06
  wrist_3:
    x: 4.121431436001798e-05
    y: 0.09951729383812442
    z: 0.0001560148802499731
    roll: 1.572364041776069
    pitch: 3.141592653589793
    yaw: 3.141592540284396
  hash: calib_12476334524932047528